function: x+y
0.0000 1.0000 0.00e+00
0.0500 1.0525 3.28e-10
0.1000 1.1103 3.45e-10
0.1500 1.1737 3.62e-10
0.2000 1.2428 3.81e-10
0.2500 1.3181 4.00e-10
0.3000 1.3997 4.21e-10
0.3500 1.4881 4.42e-10
0.4000 1.5836 4.65e-10
0.4500 1.6866 4.89e-10
0.5000 1.7974 5.14e-10
0.5500 1.9165 5.40e-10
0.6000 2.0442 5.68e-10
0.6500 2.1811 5.97e-10
0.7000 2.3275 6.28e-10
0.7500 2.4840 6.60e-10
0.8000 2.6511 6.94e-10
0.8500 2.8293 7.30e-10
0.9000 3.0192 7.67e-10
0.9500 3.2214 8.06e-10
1.0000 3.4366 8.48e-10
1.0500 3.6653 8.91e-10
1.1000 3.9083 9.37e-10
1.1500 4.1664 9.85e-10
1.2000 4.4402 1.04e-09
1.2500 4.7307 1.09e-09
1.3000 5.0386 1.14e-09
1.3500 5.3649 1.20e-09
1.4000 5.7104 1.26e-09
1.4500 6.0762 1.33e-09
1.5000 6.4634 1.40e-09
1.5500 6.8729 1.47e-09
1.6000 7.3061 1.54e-09
1.6500 7.7640 1.62e-09
1.7000 8.2479 1.71e-09
1.7500 8.7592 1.79e-09
1.8000 9.2993 1.89e-09
1.8500 9.8696 1.98e-09
1.9000 10.4718 2.08e-09
1.9500 11.1074 2.19e-09
2.0000 11.7781 2.30e-09
40 0 0
function: x*y
0.0000 1.0000 0.00e+00
0.1000 1.0050 4.32e-10
0.2000 1.0202 1.29e-09
0.3000 1.0460 2.16e-09
0.4000 1.0833 3.05e-09
0.5000 1.1331 3.96e-09
0.6000 1.1972 4.85e-09
0.7000 1.2776 5.63e-09
0.8000 1.3771 6.17e-09
0.9000 1.4993 6.17e-09
1.0000 1.6487 5.19e-09
1.1000 1.8313 2.50e-09
1.2000 2.0544 3.09e-09
1.2500 2.1842 2.85e-10
1.3000 2.3280 4.96e-10
1.3500 2.4874 7.74e-10
1.4000 2.6645 1.14e-09
1.4500 2.8612 1.61e-09
1.5000 3.0802 2.22e-09
1.5500 3.3243 2.99e-09
1.6000 3.5966 3.98e-09
1.6500 3.9011 5.24e-09
1.7000 4.2419 6.83e-09
1.7500 4.6240 8.84e-09
1.7750 4.8323 3.36e-10
1.8000 5.0531 3.81e-10
1.8250 5.2873 4.31e-10
1.8500 5.5359 4.88e-10
1.8750 5.7997 5.51e-10
1.9000 6.0800 6.22e-10
1.9250 6.3777 7.02e-10
1.9500 6.6943 7.91e-10
1.9750 7.0309 8.91e-10
2.0000 7.3891 1.00e-09
33 0 0
function: 2*x
0.0000 1.0000 0.00e+00
0.2000 1.0400 0.00e+00
0.6000 1.3600 0.00e+00
1.4000 2.9600 0.00e+00
2.0000 5.0000 0.00e+00
4 0 0
